


SMALL BRANCH

A = [
    72.7074, 86.8632, 88.2493, 85.503;
    2.5822, -3.8217, 5.7095, 4.3903;
    60.8164, 22.4041, -25.0032, 30.6025;
    594.9062, 563.3328, 424.6451, 499.8533;
    1.3277, -2.2522, -1.1652, 11.1107;
    151.9963, 145.482, 145.8326, 132.0884;
    -2.6393, -1.3201, 3.6947, -39.7865;
    370.0857, 367.6192, 496.0251, 329.7494;
    0.0011, -0.0012, 0.0014, 0.0001;
    0.0018, -0.0011, 0.0013, 0.0014;
    -0.0028, -0.0024, -0.0022, -0.0014
];




LARGE BRANCH (11D7)

A = [
    92.0064, 83.5273, 81.1897, 87.1662;
    -3.1156, 1.4885, 3.8105, 1.3689;
    7.5593, 48.5334, -38.6041, 17.7288;
    757.6136, 692.1982, 652.8448, 663.2397;
    1.6391, -0.0698, -1.8253, 3.4876;
    146.82, 149.2815, 142.6634, 127.964;
    0.3259, 1.106, 4.574, -38.4277;
    317.3198, 302.1854, 405.0939, 354.242;
    0.0003, 0.0031, -0.0011, -0.0018;
    0.0003, 0.0005, -0.0009, -0.004;
    -0.0011, -0.0002, -0.001, 0.0013
];