


SMALL BRANCH

A = [
    72.7074, 86.8632, 88.2493, 85.503;
    2.5822, -3.8217, 5.7095, 4.3903;
    60.8164, 22.4041, -25.0032, 30.6025;
    594.9062, 563.3328, 424.6451, 499.8533;
    1.3277, -2.2522, -1.1652, 11.1107;
    151.9963, 145.482, 145.8326, 132.0884;
    -2.6393, -1.3201, 3.6947, -39.7865;
    370.0857, 367.6192, 496.0251, 329.7494;
    0.0011, -0.0012, 0.0014, 0.0001;
    0.0018, -0.0011, 0.0013, 0.0014;
    -0.0028, -0.0024, -0.0022, -0.0014
];




LARGE BRANCH 

A = [
    -83.5273, -92.518, -81.1897, -87.1662;
    1.4885, -3.1049, 3.8105, 1.3689;
    48.5334, 7.2765, -38.6041, 17.7288;
    692.1982, 757.5879, 652.8448, 663.2397;
    -0.0698, 1.9538, -1.8253, 3.4876;
    149.2815, 146.887, 142.6634, 127.964;
    1.106, 0.0965, 4.574, -38.4277;
    302.1854, 317.1885, 405.0939, 354.242;
    0.0031, 0.0008, -0.0011, -0.0018;
    0.0005, 0.0003, -0.0009, -0.004;
    -0.0002, -0.0015, -0.001, 0.0013
];


LARGE BRANCH 2


A = [
    -56.664,   -83.6652,   -75.0083,   -81.5525;
    -28.4776,  -20.478,    -20.7976,   -15.6305;
    44.6625,    7.8051,    -39.1067,    11.1291;
    914.2805,  582.7042,   609.4238,   371.1391;
    6.8605,    -0.253,      2.4742,     8.4647;
    107.0049,  124.9099,   122.1034,   83.1357;
    3.1416,     2.663,     -0.69,     -59.7676;
    431.6773,  441.7699,   478.1782,  558.3772;
    0.0001,    -0.0024,    -0.0001,   -0.0015;
    -0.0185,   -0.0245,    -0.0222,   -0.024;
    -0.0015,   -0.0021,    -0.0028,   -0.0053
];


LARGE BRANCH 3


A = [
    -63.9674, -71.4955, -52.4788, -73.1935;
    -7.8406, -4.7897, -12.4965, -5.9695;
    19.6921, -10.6906, -39.616, 7.7027;
    683.9258, 644.1977, 444.3731, 563.8661;
    2.8774, 1.3436, 3.6757, 7.526;
    98.2214, 109.9212, 94.7893, 78.9495;
    -4.0319, -1.778, -6.1949, -47.3663;
    433.0687, 493.8471, 563.1143, 596.6995;
    0.0026, 0.0003, 0.0026, 0.0031;
    -0.008, -0.0035, -0.0049, -0.0079;
    -0.0026, -0.0036, -0.0065, -0.0008
];